62
39
36
71
88
57
49
93
43
8
55
47
65
98
24
27
83
60
11
46
95
9
93
70
93
73
89
21
85
54

Raíces cuadradas:
7.874007874011811
6.244997998398398
6.0
8.426149773176359
9.38083151964686
7.54983443527075
7.0
9.643650760992955
6.557438524302
2.8284271247461903
7.416198487095663
6.855654600401044
8.06225774829855
9.899494936611665
4.898979485566356
5.196152422706632
9.1104335791443
7.745966692414834
3.3166247903554
6.782329983125268
9.746794344808963
3.0
9.643650760992955
8.366600265340756
9.643650760992955
8.54400374531753
9.433981132056603
4.58257569495584
9.219544457292887
7.3484692283495345
